2026/04/30 13:54:50 Run: 2026-04-30-13-54-50  with 21 workers
2026/04/30 13:54:50 START RUNNING
2026/04/30 13:54:50 START : bleve
2026/04/30 13:54:51 START : bosun
2026/04/30 13:54:52 START : caddy
2026/04/30 13:54:53 START : dns
2026/04/30 13:54:54 START : go-ethereum
2026/04/30 13:54:55 START : gorums
2026/04/30 13:54:56 START : grpc
2026/04/30 13:54:57 START : kubernetes
2026/04/30 13:54:58 START : nsq
2026/04/30 13:54:59 START : ollama
2026/04/30 13:55:00 START : prometheus
2026/04/30 13:55:01 START : terraform
2026/04/30 13:55:02 START : zinx
2026/04/30 13:59:34 FINISH: bosun
