TestName,NrMut,NrMutInvalid,ActiveReleased,AllActiveReleased
TestReadWriteMultiInst2,0,0,0,0
TestReadWriteMultiInst2,0,0,0,0
